10;0.4134891274661766;0.15614866018104412;0.5865108725338234;pos
10;0.33258091418966895;0.4012524117432472;0.667419085810331;pos
10;0.09533276896935894;0.17939324116749691;0.9046672310306411;pos
10;0.48693996365956527;0.14655551699007788;0.5130600363404347;pos
10;0.20916321509325142;0.14837962972796492;0.7908367849067486;pos
10;0.6831339625446765;0.21319457721156543;0.3168660374553235;neg
10;0.1063009271474511;0.0860645053591253;0.8936990728525489;pos
10;0.2648444531198768;0.2054957313500536;0.7351555468801232;pos
10;0.12436471308999009;0.1201389554367351;0.8756352869100099;pos
10;0.2617174560340414;0.13088837685612054;0.7382825439659586;pos
10;0.21563400367478092;0.8467323498650874;0.7843659963252191;neutral
10;0.09875439685372711;0.18732929661534495;0.9012456031462729;pos
10;0.19915318563609996;0.156419921029419;0.8008468143639;pos
10;0.4112508426051519;0.12949218756178493;0.5887491573948481;pos
10;0.27689013749399094;0.13910659499574377;0.7231098625060091;pos
10;0.10393161426887998;0.10440476767897584;0.89606838573112;pos
10;0.285442674055418;0.19762501284208878;0.714557325944582;pos
10;0.12495710280442374;0.7888870827748655;0.8750428971955763;neutral
10;0.23108915375764416;0.1077380954109269;0.7689108462423558;pos
10;0.22427644881170739;0.11048050841176364;0.7757235511882926;pos
10;0.1702128472146951;0.8479826581830202;0.8297871527853049;neutral
10;0.10800186830644798;0.198172018191769;0.891998131693552;pos
10;0.10559905502151423;0.11263889672874883;0.8944009449784858;pos
10;0.3915197484508768;0.19520234816977153;0.6084802515491232;pos
10;0.6076652972050698;0.190859794849912;0.3923347027949302;neg
10;0.24050484321863097;0.1435805246051649;0.759495156781369;pos
10;0.5552321684780439;0.09784241533262068;0.44476783152195604;neg
10;0.22203201805741213;0.15024299799318244;0.7779679819425879;pos
10;0.33935653613964323;0.25797289661943473;0.6606434638603568;pos
10;0.20433174633061535;0.09861147826785417;0.7956682536693847;pos
10;0.2674126107796042;0.7967242609384432;0.7325873892203958;neutral
10;0.09212033789825558;0.14129224394053172;0.9078796621017444;pos
10;0.09720618178387452;0.15497034885427127;0.9027938182161255;pos
10;0.885614349210978;0.09852147554657299;0.11438565078902191;neg
10;0.08305319757787144;0.8546254571979507;0.9169468024221286;neutral
10;0.505187845519033;0.18351851851942133;0.49481215448096705;neg
10;0.33915480732407977;0.1294890014812068;0.6608451926759202;pos
10;0.22997338178904725;0.8110797843294453;0.7700266182109528;neutral
10;0.12648258355908126;0.20188632232916656;0.8735174164409187;pos
10;0.45087977775669563;0.16123545685775978;0.5491202222433044;pos
10;0.6368444203048457;0.19300828557127336;0.36315557969515433;neg
10;0.5733255028713187;0.5279587272601857;0.4266744971286814;neutral
10;0.3609627058943097;0.12805305305333303;0.6390372941056903;pos
10;0.13651032397335383;0.14517313272847485;0.8634896760266462;pos
10;0.23837248071180028;0.1682591302103729;0.7616275192881997;pos
10;0.5079114645083838;0.1615611693841453;0.49208853549161624;neg
10;0.08738879602780192;0.16259986469035917;0.9126112039721981;pos
10;0.3018485309795367;0.13180379027737457;0.6981514690204633;pos
10;0.35446374117494783;0.16423505993929402;0.6455362588250522;pos
10;0.0879362940770696;0.12127160494095275;0.9120637059229304;pos
10;0.7131078968654763;0.10925926455502817;0.2868921031345237;neg
10;0.27420617982016127;0.24010112806393433;0.7257938201798387;pos
10;0.0657962936331341;0.11246498599440835;0.9342037063668659;pos
10;0.34923641624915214;0.14067391472963708;0.6507635837508479;pos
10;0.259655783238688;0.08076541186857417;0.740344216761312;pos
10;0.33911896703974787;0.8259247546750453;0.6608810329602521;neutral
10;0.437369735033584;0.7211023451895654;0.562630264966416;neutral
10;0.09735340781062607;0.15392301615870355;0.9026465921893739;pos
10;0.35542914985699015;0.1388464151128899;0.6445708501430099;pos
10;0.23605966519085597;0.13037718870451542;0.763940334809144;pos
10;0.12456214208350991;0.13185876484071013;0.8754378579164901;pos
10;0.3842722599386106;0.17988215488215772;0.6157277400613894;pos
10;0.10019083178534827;0.18090681987207527;0.8998091682146517;pos
10;0.5174529461434864;0.16060720595825015;0.48254705385651364;neg
10;0.1331399345463693;0.13852299881216132;0.8668600654536307;pos
10;0.47877242938577913;0.16202770183033335;0.5212275706142209;pos
10;0.37078663022529545;0.8199074074074034;0.6292133697747045;neutral
10;0.4688839489174448;0.13740079369071256;0.5311160510825552;pos
10;0.22716473797008474;0.8350511263214123;0.7728352620299153;neutral
10;0.09367289581192617;0.10791744493711915;0.9063271041880738;pos
10;0.14695670075627398;0.20539670237112342;0.853043299243726;pos
10;0.4179477450388327;0.7859983674160893;0.5820522549611673;neutral
10;0.3793834136297436;0.5879360247786742;0.6206165863702564;neutral
10;0.1038582433917612;0.48168646293273776;0.8961417566082388;pos
10;0.18132203957576598;0.1746957571008695;0.818677960424234;pos
10;0.3836922038172218;0.18310359234090598;0.6163077961827782;pos
10;0.3198851148245979;0.1425558219344998;0.6801148851754021;pos
10;0.2405840287228973;0.16507262378474508;0.7594159712771027;pos
10;0.3736758093161858;0.15823014935714907;0.6263241906838142;pos
10;0.35195881713925925;0.19915129900451825;0.6480411828607407;pos
10;0.1018707240852671;0.1912872368454562;0.8981292759147329;pos
10;0.10606710586692136;0.10800115409633222;0.8939328941330786;pos
10;0.08014079542615882;0.1459401709402056;0.9198592045738412;pos
10;0.0990342573353542;0.1089540089547032;0.9009657426646458;pos
10;0.3350791526722674;0.22555389962030917;0.6649208473277326;pos
10;0.11765276864084262;0.21714789935468568;0.8823472313591574;pos
10;0.3893264970403143;0.14421296426445765;0.6106735029596857;pos
10;0.09671702397379434;0.12696296429705875;0.9032829760262057;pos
10;0.4365964020806168;0.14538763705431781;0.5634035979193832;pos
10;0.38751980940454134;0.16463672002352692;0.6124801905954587;pos
10;0.1426047245430927;0.8629657825633252;0.8573952754569073;neutral
10;0.1866371970484001;0.13523927442770045;0.8133628029515999;pos
10;0.24573457705279522;0.2301575607923424;0.7542654229472048;pos
10;0.3677412206492221;0.16732026157359645;0.6322587793507779;pos
10;0.3859437760268133;0.17421784317539687;0.6140562239731867;pos
10;0.35400420578983616;0.09814819533172732;0.6459957942101638;pos
10;0.13466356090651121;0.16081267217644976;0.8653364390934888;pos
10;0.6339765511998756;0.12609131221314107;0.3660234488001244;neg
10;0.615892515213531;0.15633144886596842;0.3841074847864689;neg
10;0.3280011033866508;0.18151689943582625;0.6719988966133492;pos
9;0.2768001019646843;0.1532770698263656;0.7231998980353157;pos
9;0.24871781248187574;0.6966651080413321;0.7512821875181243;neutral
9;0.21194509565346065;0.1807662648425529;0.7880549043465394;pos
9;0.20680540797244928;0.11045921888615656;0.7931945920275507;pos
9;0.3995847573156146;0.1592380952780749;0.6004152426843854;pos
9;0.24584855616677292;0.17622033139307333;0.7541514438332271;pos
9;0.24719891663705496;0.15411220100342957;0.752801083362945;pos
9;0.3004706362195759;0.13094506655436072;0.6995293637804241;pos
9;0.33719482389993594;0.1229351110515325;0.6628051761000641;pos
9;0.4318684790676248;0.16225074822297036;0.5681315209323752;pos
9;0.4379387427712116;0.1835490814185187;0.5620612572287884;pos
9;0.1054237378866063;0.1520607156556525;0.8945762621133937;pos
9;0.564902752274576;0.18729429601240632;0.435097247725424;neg
9;0.2629006232631309;0.18072191273545155;0.7370993767368691;pos
9;0.22517360512455853;0.1861301545773392;0.7748263948754415;pos
9;0.09594168696071037;0.8445702836179617;0.9040583130392896;neutral
9;0.4110052616769846;0.15761678218352257;0.5889947383230154;pos
9;0.2589528934437465;0.16672897888279856;0.7410471065562535;pos
9;0.40814146035643395;0.6125597316887316;0.591858539643566;neutral
9;0.12150546362528969;0.15371304719122225;0.8784945363747103;pos
9;0.3020850273087775;0.4965076158616006;0.6979149726912225;pos
9;0.5599132303326938;0.12670697908793224;0.4400867696673062;neg
9;0.38784256768257996;0.13034189139196795;0.61215743231742;pos
9;0.3912204039038828;0.1450348725348728;0.6087795960961172;pos
9;0.6284479849302809;0.1427803160962382;0.37155201506971913;neg
9;0.4736376539634488;0.1775219489822848;0.5263623460365512;pos
9;0.42501123344949066;0.7927901803247762;0.5749887665505093;neutral
9;0.21195833791159913;0.83946137853411;0.7880416620884009;neutral
9;0.6901879596391699;0.13718941008489807;0.3098120403608301;neg
9;0.3076750808097515;0.15479174438407284;0.6923249191902485;pos
9;0.6481408130979334;0.1680250305250305;0.3518591869020667;neg
9;0.12250403996080894;0.1408638097749694;0.8774959600391911;pos
9;0.44302575769074504;0.17498926861155525;0.556974242309255;pos
9;0.10449051861940495;0.17935124076629538;0.895509481380595;pos
9;0.13279471547512034;0.1721226541401983;0.8672052845248797;pos
9;0.3899242436754722;0.8040830723881754;0.6100757563245278;neutral
9;0.24035104562968534;0.4506573808233836;0.7596489543703147;pos
9;0.33763681010189805;0.04953787094161718;0.662363189898102;pos
9;0.09658693618824632;0.4757082773499284;0.9034130638117537;pos
9;0.2579356357602359;0.20091262049705583;0.7420643642397641;pos
9;0.14794383980806292;0.1660329404233851;0.8520561601919371;pos
9;0.35320345110789997;0.8159697972460008;0.6467965488921;neutral
9;0.37101182708532743;0.16008306588047963;0.6289881729146726;pos
9;0.13180416227985614;0.156868957455492;0.8681958377201439;pos
9;0.35569320750494726;0.14421957671961813;0.6443067924950527;pos
9;0.35063801112733994;0.8457318274264445;0.6493619888726601;neutral
9;0.5551173448917585;0.0989898991140266;0.44488265510824154;neg
9;0.5895400195377835;0.17394634901966377;0.41045998046221654;neg
9;0.1444148944713809;0.1441521629046068;0.8555851055286191;pos
9;0.5936459415527962;0.11102702738603791;0.4063540584472038;neg
9;0.6156881397879128;0.14336099886420195;0.3843118602120872;neg
9;0.1273329544141768;0.17788536374995934;0.8726670455858232;pos
9;0.3691613030803227;0.15309409904067386;0.6308386969196773;pos
9;0.3565581170305342;0.1527784654595332;0.6434418829694658;pos
9;0.802037030990301;0.133061797897297;0.19796296900969904;neg
9;0.5020645545252459;0.17493386243386244;0.4979354454747541;neg
9;0.5330830102020083;0.16580024726886597;0.46691698979799173;neg
9;0.07009221143818645;0.11832173028754116;0.9299077885618136;pos
9;0.20322333912530632;0.8677135453983172;0.7967766608746937;neutral
9;0.12244049621149844;0.15979691876750843;0.8775595037885016;pos
9;0.28979829174421456;0.8342641375162961;0.7102017082557854;neutral
9;0.13493426353913185;0.0805959937400849;0.8650657364608682;pos
9;0.8679027623152089;0.16123171491485735;0.13209723768479106;neg
9;0.06628859839481904;0.1456484230937376;0.933711401605181;pos
9;0.2865406155644292;0.1796368508381716;0.7134593844355708;pos
9;0.09931930274058043;0.8112510946930361;0.9006806972594196;neutral
9;0.08966731934870098;0.08902352445892647;0.910332680651299;pos
9;0.7156135329039678;0.16851496359097892;0.2843864670960322;neg
9;0.37901771689784836;0.16594099711375107;0.6209822831021516;pos
9;0.09954756649372076;0.15279751277301018;0.9004524335062792;pos
9;0.09125434775544217;0.17424010087152686;0.9087456522445578;pos
9;0.3746128684237182;0.11948748907932594;0.6253871315762818;pos
9;0.11507883866611046;0.15612693290767818;0.8849211613338895;pos
9;0.423595264574136;0.15577258487982107;0.576404735425864;pos
9;0.5028748151028969;0.17542739272177763;0.4971251848971031;neg
9;0.10582324187960124;0.17115524615524666;0.8941767581203988;pos
9;0.23074257505621365;0.13752582252591147;0.7692574249437863;pos
9;0.3000052387222908;0.11129648363021531;0.6999947612777092;pos
9;0.10590459582243561;0.18274583069052078;0.8940954041775644;pos
9;0.22760522041074716;0.13940781450138398;0.7723947795892528;pos
9;0.4302704849282901;0.14410164270312778;0.5697295150717099;pos
9;0.7838546321545761;0.18456751139508523;0.21614536784542399;neg
9;0.4830822487417479;0.13668981481487522;0.5169177512582521;pos
9;0.1875788113339818;0.1617172281317164;0.8124211886660182;pos
9;0.8188048295331662;0.14783950617297795;0.1811951704668338;neg
9;0.30587924390942867;0.11802880658436221;0.6941207560905713;pos
9;0.12412338010357371;0.1679168769463841;0.8758766198964263;pos
9;0.4803453658849022;0.36648653149736043;0.5196546341150978;pos
9;0.3563794794594686;0.14510733905470743;0.6436205205405314;pos
9;0.22885314371187548;0.1927882253303896;0.7711468562881245;pos
9;0.517659910595474;0.16367301330846473;0.482340089404526;neg
9;0.2888605956304223;0.1385138888888924;0.7111394043695777;pos
9;0.12714555680774042;0.37583912072225995;0.8728544431922596;pos
9;0.25999449573459554;0.14054705215442131;0.7400055042654045;pos
9;0.5859001396880842;0.17834415584432226;0.4140998603119158;neg
9;0.6467919477475472;0.47092599007169617;0.3532080522524527;neg
9;0.13427561947004674;0.1585051431372568;0.8657243805299533;pos
9;0.33476290123525554;0.15354497354497373;0.6652370987647445;pos
9;0.2617676527847954;0.209365156097454;0.7382323472152046;pos
9;0.34977311518668885;0.18085214901190347;0.6502268848133111;pos
6;0.5485655751060325;0.20861400042891518;0.45143442489396746;neg
6;0.5959403032906215;0.10649238105651908;0.40405969670937847;neg
6;0.45424171337501074;0.15620149911816575;0.5457582866249893;pos
6;0.4253351444350568;0.18024691367133325;0.5746648555649432;pos
6;0.8719293210634744;0.1641071457919613;0.12807067893652554;neg
6;0.8958933119230119;0.1180556161679162;0.10410668807698807;neg
6;0.6783109605431855;0.20703703712877575;0.3216890394568145;neg
6;0.36688509986943685;0.12225694464506824;0.6331149001305632;pos
6;0.31282404158094734;0.1783485208079613;0.6871759584190527;pos
6;0.8098407642622072;0.18083085613565972;0.19015923573779278;neg
6;0.6342889581428172;0.12472486772503595;0.36571104185718284;neg
6;0.35563107644038483;0.17655194576145264;0.6443689235596152;pos
6;0.4815724749140817;0.15703273334852283;0.5184275250859183;pos
6;0.0979682037144034;0.8327695662701841;0.9020317962855966;neutral
6;0.8244344252604308;0.08952666919276797;0.17556557473956919;neg
6;0.6952417175394616;0.17267080981158134;0.3047582824605384;neg
6;0.5780475198396562;0.2311404697147891;0.4219524801603438;neg
6;0.5344713702228241;0.1595910385910386;0.4655286297771759;neg
6;0.2724146544681776;0.15683262397125444;0.7275853455318224;pos
6;0.5905659464604882;0.12043209876588949;0.4094340535395118;neg
6;0.7299011748850923;0.15985987240329233;0.2700988251149076;neg
6;0.085768740553539;0.16901234571099985;0.914231259446461;pos
6;0.6164168423778607;0.15692252469929144;0.38358315762213935;neg
6;0.3623543914172688;0.16368538868538865;0.6376456085827312;pos
6;0.43426784273626606;0.11425932209346883;0.5657321572637339;pos
6;0.43183942684668764;0.13363209356722636;0.5681605731533124;pos
6;0.17835686901936665;0.19761953191691395;0.8216431309806334;pos
6;0.5357315488205776;0.1805796440230416;0.46426845117942245;neg
6;0.8865830434425348;0.11333333333726485;0.1134169565574652;neg
6;0.6185808740132008;0.6117726369147459;0.3814191259867992;neutral
6;0.60497588624796;0.2714599830322261;0.3950241137520401;neg
6;0.5981928276661658;0.16408436214325695;0.40180717233383423;neg
6;0.17715729382167966;0.22952526175213786;0.8228427061783203;pos
6;0.23878269764760507;0.10378270872932908;0.7612173023523949;pos
6;0.7147309288441714;0.1408083643939292;0.2852690711558285;neg
6;0.11553537800313718;0.1400097214545152;0.8844646219968628;pos
6;0.35211599876233934;0.1562127146542731;0.6478840012376607;pos
6;0.27856059073486505;0.14154654252218057;0.721439409265135;pos
6;0.528691793243935;0.18226674063683934;0.471308206756065;neg
6;0.43403064581253403;0.15720213605926248;0.565969354187466;pos
6;0.5998790568963572;0.13100000913602106;0.4001209431036428;neg
6;0.6594833250352015;0.1627778123871391;0.34051667496479854;neg
6;0.2975166214707212;0.17411014911195924;0.7024833785292788;pos
6;0.8686052905415728;0.19075146257251518;0.1313947094584272;neg
6;0.7308091471533354;0.1518659927652526;0.26919085284666455;neg
6;0.21847835412135685;0.1668749479687408;0.7815216458786431;pos
6;0.3528742612931408;0.17363670720813584;0.6471257387068592;pos
6;0.5600376502440931;0.25564670355868513;0.43996234975590687;neg
6;0.4086336487130393;0.19038142357831814;0.5913663512869607;pos
6;0.8863408284943686;0.13750389044564237;0.11365917150563139;neg
6;0.11428494341999795;0.12500046401451162;0.885715056580002;pos
6;0.8411588460463466;0.1972072577712154;0.15884115395365334;neg
6;0.4717114887468735;0.16116071428571432;0.5282885112531265;pos
6;0.4504191602202372;0.15962178125291251;0.5495808397797628;pos
6;0.7105672558484984;0.13228777120484914;0.28943274415150155;neg
6;0.7440841379105894;0.19086014147785937;0.25591586208941064;neg
6;0.8659982320675987;0.18618610155230078;0.1340017679324013;neg
6;0.7660188211910248;0.1769946365893604;0.23398117880897512;neg
6;0.7392369664543536;0.15746291572184445;0.26076303354564645;neg
6;0.11990195987525876;0.8260178058767375;0.8800980401247412;neutral
6;0.38037665115377794;0.827037891879049;0.619623348846222;neutral
6;0.3771036899768545;0.15025613691113057;0.6228963100231455;pos
6;0.579081474670963;0.16358119648807976;0.42091852532903695;neg
6;0.5354086223950503;0.1642187480996952;0.4645913776049498;neg
6;0.8701295421742571;0.1448718157051668;0.12987045782574294;neg
6;0.38552221598151903;0.17099220846810095;0.614477784018481;pos
6;0.41799536080674726;0.1953160581411162;0.5820046391932527;pos
6;0.8864121633954629;0.14973943595422737;0.11358783660453707;neg
6;0.16825687610594153;0.10737868639645015;0.8317431238940585;pos
6;0.515212073873903;0.8181413007755031;0.484787926126097;neutral
6;0.6082400534074729;0.1591035649253066;0.3917599465925271;neg
6;0.8840493611841607;0.11444063261428901;0.11595063881583928;neg
6;0.2507194555661596;0.4807843296782026;0.7492805444338404;pos
6;0.5176853978921564;0.17003976394838993;0.4823146021078436;neg
6;0.6105824903414728;0.13120432663321724;0.3894175096585272;neg
6;0.37215767450896986;0.21475068110322984;0.6278423254910301;pos
6;0.2774211168384708;0.8282040224258639;0.7225788831615292;neutral
6;0.8375598659750604;0.1515222362448837;0.16244013402493962;neg
6;0.3925964003695468;0.5198438315694124;0.6074035996304532;neutral
6;0.3734386666910232;0.8114363295098436;0.6265613333089768;neutral
6;0.6298071338998071;0.16121996315747464;0.37019286610019286;neg
6;0.4784443293573405;0.19973884272745498;0.5215556706426595;pos
6;0.7654097843546885;0.14665533041507584;0.2345902156453115;neg
6;0.10957498483305561;0.5385141081375556;0.8904250151669444;neutral
6;0.6265817079891502;0.09081196631415289;0.37341829201084975;neg
6;0.8057884990700364;0.1531002948443304;0.1942115009299637;neg
6;0.7379304986336173;0.10998917991972261;0.26206950136638274;neg
6;0.7804905716633592;0.13888964254546474;0.21950942833664078;neg
6;0.10425762180166276;0.13501553014830334;0.8957423781983372;pos
6;0.1175908930719991;0.08584624999127988;0.8824091069280009;pos
6;0.2817443393137993;0.16861937526270296;0.7182556606862007;pos
6;0.34316117491519804;0.12722482435597185;0.656838825084802;pos
6;0.8026357798326484;0.18184981628367036;0.19736422016735156;neg
6;0.48929730611263744;0.14718625206451816;0.5107026938873626;pos
6;0.38124141809809764;0.10833731381364135;0.6187585819019024;pos
6;0.7528628226773284;0.1444445157141516;0.24713717732267157;neg
6;0.1382476898453;0.25167577764312293;0.8617523101547;pos
6;0.09330954165707017;0.8016617832642821;0.9066904583429298;neutral
6;0.35017511859223904;0.863084221632608;0.649824881407761;neutral
6;0.805846730669708;0.15785476306069704;0.19415326933029198;neg
7;0.7152372343932878;0.14375522155287687;0.2847627656067122;neg
7;0.8161805123144928;0.10092593469126203;0.18381948768550715;neg
7;0.2421402067724432;0.14325396848222705;0.7578597932275568;pos
7;0.8751487455340008;0.16365274365397742;0.12485125446599923;neg
7;0.1429259285562725;0.20264503668648493;0.8570740714437275;pos
7;0.10670048754949557;0.11528928522878283;0.8932995124505044;pos
7;0.5845820846802632;0.16351637633698324;0.41541791531973676;neg
7;0.09443329557302937;0.1852090911490719;0.9055667044269706;pos
7;0.10069917419976426;0.13979414682539684;0.8993008258002357;pos
7;0.7084239214126503;0.17416764362706827;0.2915760785873497;neg
7;0.22615104599845282;0.7929244363593213;0.7738489540015472;neutral
7;0.4068503271446857;0.576287267392455;0.5931496728553143;neutral
7;0.3817066948918213;0.22671451363154707;0.6182933051081787;pos
7;0.5862203622507054;0.1359307926737615;0.4137796377492946;neg
7;0.5626733535539855;0.15617283973907717;0.4373266464460145;neg
7;0.1700951669087859;0.33898337560018016;0.8299048330912141;pos
7;0.482388459439254;0.11862073882960784;0.517611540560746;pos
7;0.24571890959929943;0.22230622155714977;0.7542810904007006;pos
7;0.6204140224726219;0.11697132616487464;0.3795859775273781;neg
7;0.49408951114441;0.14670067140824675;0.50591048885559;pos
7;0.3793597485491449;0.16596054382721503;0.6206402514508551;pos
7;0.5062284802329718;0.16049570833088858;0.49377151976702816;neg
7;0.5730150033347389;0.5360107727264367;0.42698499666526113;neutral
7;0.12147859092064417;0.09286098407598864;0.8785214090793558;pos
7;0.23886607660243242;0.817167583290324;0.7611339233975676;neutral
7;0.43237977203905653;0.12291666668416583;0.5676202279609435;pos
7;0.3751209685300638;0.15289290535527156;0.6248790314699362;pos
7;0.6774611555790987;0.6476427609282897;0.3225388444209013;neutral
7;0.7764764419483141;0.20309155192656692;0.22352355805168594;neg
7;0.8697044578390599;0.1542049422877704;0.1302955421609401;neg
7;0.5641507584306218;0.8769243630662334;0.43584924156937815;neutral
7;0.20145041699668154;0.715685671783843;0.7985495830033185;neutral
7;0.2718190394625982;0.1450280869925177;0.7281809605374018;pos
7;0.6238764246581383;0.1268648018648019;0.3761235753418617;neg
7;0.48797728059042067;0.13640211640889563;0.5120227194095793;pos
7;0.2649283110664874;0.15134722222222227;0.7350716889335126;pos
7;0.258253400583754;0.17176883873624146;0.741746599416246;pos
7;0.5658248997067836;0.1900518176447196;0.43417510029321643;neg
7;0.47728170534162584;0.18888897721175324;0.5227182946583742;pos
7;0.8595666838271904;0.19027777782852762;0.14043331617280963;neg
7;0.8673413298586303;0.22195793597823;0.13265867014136973;neg
7;0.41887085997084994;0.1777782677851919;0.5811291400291501;pos
7;0.4530826233211589;0.15740079365079396;0.5469173766788411;pos
7;0.3808547533501778;0.1822657854377143;0.6191452466498222;pos
7;0.49394947733954375;0.13496527777777792;0.5060505226604562;pos
7;0.7384288302141738;0.1396604098375411;0.2615711697858262;neg
7;0.5995804104676812;0.12488425935192593;0.4004195895323188;neg
7;0.43800266005819777;0.8143609535655814;0.5619973399418022;neutral
7;0.6907289287324022;0.16312397407993148;0.3092710712675978;neg
7;0.6003048442600468;0.20003289951403766;0.3996951557399532;neg
7;0.6764366757254778;0.8546632996629479;0.32356332427452217;neutral
7;0.7682802741638486;0.19700733508726423;0.2317197258361514;neg
7;0.5210319869516729;0.13666667927674359;0.47896801304832715;neg
7;0.2596750357942157;0.11584045625246715;0.7403249642057843;pos
7;0.26998096264052407;0.2021600125091201;0.7300190373594759;pos
7;0.3743993600488579;0.13550505056652554;0.6256006399511421;pos
7;0.46413558483554385;0.16677827381053567;0.5358644151644562;pos
7;0.2497030825553701;0.15307807809844243;0.7502969174446299;pos
7;0.3913940096982155;0.17305839002856946;0.6086059903017845;pos
7;0.4896007473270295;0.18909945599569356;0.5103992526729705;pos
7;0.09830964143695198;0.5159383687138392;0.901690358563048;neutral
7;0.4788303574731205;0.14648067404455825;0.5211696425268795;pos
7;0.34528290854147703;0.11587302269861859;0.654717091458523;pos
7;0.6511708160780781;0.18518520018631945;0.34882918392192186;neg
7;0.7497115424864558;0.12755731922398902;0.2502884575135443;neg
7;0.8329758351767701;0.4242675121102481;0.16702416482322988;neg
7;0.10018048319936157;0.13388975575825812;0.8998195168006384;pos
7;0.5760482114113513;0.1679545839694736;0.4239517885886487;neg
7;0.41869550873968886;0.13110124318196656;0.5813044912603111;pos
7;0.21633501228054708;0.1542917865951894;0.7836649877194529;pos
7;0.1360928133556788;0.8720357730575836;0.8639071866443212;neutral
7;0.8390031453645097;0.15327325721439125;0.16099685463549027;neg
7;0.095252009908395;0.15007962958647356;0.904747990091605;pos
7;0.543126348203046;0.14476757369617707;0.45687365179695405;neg
7;0.7689986876783923;0.8145058660907839;0.23100131232160775;neutral
7;0.1869885741295234;0.5036369052139714;0.8130114258704766;neutral
7;0.5831368679743509;0.1553791578922996;0.41686313202564906;neg
7;0.5891040390115349;0.40936507675266;0.41089596098846515;neg
7;0.6660332448696686;0.34598076342030737;0.3339667551303314;neg
7;0.59125988522525;0.13333333333835073;0.40874011477475003;neg
7;0.28188195083886836;0.08500045745327116;0.7181180491611316;pos
7;0.5681694893717707;0.14590726245962313;0.4318305106282293;neg
7;0.24816870625137555;0.11957953395608341;0.7518312937486245;pos
7;0.42219119494850943;0.18718107330351874;0.5778088050514906;pos
7;0.19420362929015256;0.16307760179547162;0.8057963707098474;pos
7;0.5580157327318757;0.14180311956970207;0.44198426726812434;neg
7;0.3164213218847892;0.150044477368434;0.6835786781152108;pos
7;0.870231885603486;0.18460041743092345;0.12976811439651406;neg
7;0.2402897738052583;0.6153543324426267;0.7597102261947417;neutral
7;0.2844470015309406;0.1217029198518104;0.7155529984690594;pos
7;0.691630679825925;0.8594611528776072;0.30836932017407503;neutral
7;0.23027586323464533;0.1547881516292139;0.7697241367653547;pos
7;0.3011923803343738;0.8188463366694053;0.6988076196656262;neutral
7;0.37182680338523233;0.14741691104594326;0.6281731966147677;pos
7;0.8527687128006753;0.145408956112327;0.14723128719932463;neg
7;0.846536637110554;0.1209207885402221;0.153463362889446;neg
7;0.08300091361651774;0.09711528025860942;0.9169990863834823;pos
7;0.1967793242500675;0.8752178649237091;0.8032206757499325;neutral
7;0.6012333228159183;0.1714604970662252;0.3987666771840816;neg
7;0.4322650923573589;0.09925213675213725;0.5677349076426411;pos
1;0.6922089655737375;0.12055200889857431;0.30779103442626254;neg
1;0.0983953125067265;0.1512627510845442;0.9016046874932735;pos
1;0.769162301520349;0.10845522019273796;0.23083769847965102;neg
1;0.6995456896740133;0.11347547845164037;0.3004543103259867;neg
1;0.68566677042267;0.06485435515921362;0.31433322957732995;neg
1;0.7471253227532744;0.10482992403395786;0.25287467724672563;neg
1;0.822889129081221;0.14487496850599937;0.17711087091877892;neg
1;0.3484664347736173;0.17126335815624916;0.6515335652263827;pos
1;0.792384030678874;0.18116558371558755;0.20761596932112603;neg
1;0.6506633604330119;0.18425817845733508;0.3493366395669881;neg
1;0.8704935151903527;0.14221589602024387;0.12950648480964733;neg
1;0.8741748091461716;0.15192088507199342;0.12582519085382843;neg
1;0.7505540272501801;0.49947710639823883;0.24944597274981994;neg
1;0.7120125244285742;0.16838323713323924;0.28798747557142573;neg
1;0.8858169799026933;0.1659106331367616;0.11418302009730678;neg
1;0.4162462885900595;0.12025800422838295;0.5837537114099405;pos
1;0.10576436474356044;0.14057734204902328;0.8942356352564396;pos
1;0.500836576172839;0.14006865132378188;0.49916342382716095;neg
1;0.6901796408493621;0.11670458684352054;0.30982035915063794;neg
1;0.6635158602560851;0.1256150793745484;0.33648413974391495;neg
1;0.757178184015113;0.14606481558105;0.24282181598488695;neg
1;0.8418023252663231;0.16514550264551253;0.1581976747336769;neg
1;0.6100298700804944;0.12263645609983749;0.38997012991950564;neg
1;0.6219062855955433;0.11425650217434331;0.37809371440445677;neg
1;0.3677982019727466;0.1292019612380405;0.6322017980272534;pos
1;0.11396856739835404;0.8539199568051531;0.886031432601646;neutral
1;0.8297355649494962;0.16862292772174411;0.17026443505050384;neg
1;0.8011570364117258;0.1351982117796867;0.19884296358827425;neg
1;0.9023702888101659;0.15851851863206265;0.09762971118983416;neg
1;0.71191377833404;0.18079731689331854;0.28808622166596;neg
1;0.6363178001274552;0.17822251727332147;0.36368219987254474;neg
1;0.8623429176932984;0.1419753511131412;0.13765708230670154;neg
1;0.9016858439961206;0.5573536631127004;0.0983141560038794;neutral
1;0.6062295189090111;0.35805203322527124;0.3937704810909889;neg
1;0.8612231990301793;0.14313212445852783;0.13877680096982073;neg
1;0.36440498145791533;0.15295592151262283;0.6355950185420847;pos
1;0.5105221966897409;0.13325295079116486;0.4894778033102592;neg
1;0.6266754575064301;0.15326106485779192;0.37332454249356994;neg
1;0.6019651124280534;0.18053870415367892;0.3980348875719466;neg
1;0.8525833541479321;0.10935252955214969;0.14741664585206793;neg
1;0.6298024906657927;0.08758524923642526;0.37019750933420725;neg
1;0.13567008068095143;0.14747121912645908;0.8643299193190486;pos
1;0.6361932673002741;0.377744187854082;0.36380673269972585;neg
1;0.7696839166780943;0.12190617063366564;0.23031608332190567;neg
1;0.8577218974694671;0.13226677745612955;0.1422781025305329;neg
1;0.5829777220282747;0.14955555555562763;0.4170222779717253;neg
1;0.6977340481351014;0.1500625599265493;0.3022659518648986;neg
1;0.8615515507181166;0.17531746031746154;0.13844844928188335;neg
1;0.36458852438239464;0.13030803089899187;0.6354114756176054;pos
1;0.8367615718748207;0.17874028654238527;0.16323842812517927;neg
1;0.881104839038371;0.46016171626689967;0.11889516096162903;neg
1;0.7685959090510999;0.16960784322430097;0.2314040909489002;neg
1;0.8599678976005545;0.10200976662050265;0.1400321023994455;neg
1;0.358907274247417;0.17727427469599885;0.641092725752583;pos
1;0.8662976853131361;0.1489583333538951;0.13370231468686383;neg
1;0.8737343553383323;0.3033764099072722;0.12626564466166762;neg
1;0.5055392983583494;0.7053229241503421;0.49446070164165057;neutral
1;0.7827615824098076;0.12408943923911149;0.21723841759019233;neg
1;0.9045897256179078;0.11517403240230327;0.09541027438209213;neg
1;0.7817468235811058;0.14358769287730958;0.21825317641889413;neg
1;0.4012519685770499;0.7623076651380862;0.5987480314229501;neutral
1;0.5742741846215713;0.15197319133182705;0.4257258153784287;neg
1;0.7255232730385612;0.1401125699945287;0.2744767269614387;neg
1;0.5362777131549099;0.13584876882939187;0.46372228684509004;neg
1;0.7560118662350573;0.21418253179155722;0.24398813376494266;neg
1;0.7944805534853073;0.11625481455773286;0.20551944651469267;neg
1;0.8484984233075077;0.18177640473609427;0.1515015766924923;neg
1;0.8840216559169325;0.1170185684336628;0.11597834408306748;neg
1;0.5665494180610968;0.16560007620250525;0.4334505819389031;neg
1;0.5388516908026145;0.1770902610744308;0.4611483091973855;neg
1;0.11239243933699306;0.14011610817166373;0.887607560663007;pos
1;0.8607864542773814;0.11094195156704938;0.13921354572261854;neg
1;0.8952360462782248;0.15062821698995046;0.1047639537217752;neg
1;0.8700029749254068;0.13330747956199893;0.1299970250745932;neg
1;0.5798905585439484;0.20141942681579217;0.4201094414560516;neg
1;0.6132902951141992;0.16303421372768154;0.3867097048858008;neg
1;0.8848263313049034;0.10534255625035434;0.11517366869509658;neg
1;0.30742097670873103;0.06818182873114753;0.692579023291269;pos
1;0.47011957010193517;0.1814850089832429;0.5298804298980648;pos
1;0.734346155495488;0.1385802881494295;0.265653844504512;neg
1;0.3328772232842807;0.09735249674167419;0.6671227767157193;pos
1;0.4347262388968318;0.6756555572709452;0.5652737611031682;neutral
1;0.8503971278554897;0.18116188510399575;0.14960287214451032;neg
1;0.871827292330232;0.1335235970100188;0.12817270766976793;neg
1;0.8929099409533117;0.0872404823651342;0.10709005904668832;neg
1;0.6191219028897723;0.10170965207521183;0.3808780971102277;neg
1;0.8008246234623346;0.8444013438330741;0.19917537653766537;neutral
1;0.09332028955787663;0.13999166542273564;0.9066797104421234;pos
1;0.2576852074794378;0.19222087645953115;0.7423147925205622;pos
1;0.4416930401737167;0.150112721417212;0.5583069598262833;pos
1;0.5740550328491008;0.4882068302300487;0.42594496715089925;neg
1;0.2481418046663756;0.5991831615510598;0.7518581953336244;neutral
1;0.4727124892590606;0.17229679695468547;0.5272875107409394;pos
1;0.86402126246344;0.1499470899524794;0.13597873753655998;neg
1;0.4059358779740052;0.5863510347735034;0.5940641220259948;neutral
1;0.5152953679813138;0.16936143563502273;0.4847046320186862;neg
1;0.8173793032954214;0.16925986991797382;0.18262069670457862;neg
1;0.7985341002328877;0.13448639221751843;0.2014658997671123;neg
1;0.8714924538892252;0.20401234570591298;0.12850754611077472;neg
1;0.8856035501709609;0.1741197079066875;0.11439644982903913;neg
8;0.4283833874392946;0.15110414926204405;0.5716166125607054;pos
8;0.36108564582624947;0.17961027229382753;0.6389143541737505;pos
8;0.4793491453959484;0.1292768959556303;0.5206508546040516;pos
8;0.1216459912076896;0.14166667344938152;0.8783540087923104;pos
8;0.27502433754696376;0.18534458289250222;0.7249756624530362;pos
8;0.09700166337998417;0.12031251307683673;0.9029983366200158;pos
8;0.3186969082043152;0.1617210937778393;0.6813030917956848;pos
8;0.5156043909095961;0.8674890351093926;0.4843956090904039;neutral
8;0.10139374256611267;0.15230405756977944;0.8986062574338873;pos
8;0.872566631296817;0.11875012439702941;0.12743336870318303;neg
8;0.1579806256319558;0.17086575392757639;0.8420193743680442;pos
8;0.43666175013116826;0.09328599959262214;0.5633382498688317;pos
8;0.4842151353008548;0.16317189777283767;0.5157848646991452;pos
8;0.15484205553820185;0.08621554219470844;0.8451579444617981;pos
8;0.32992525797911965;0.14802066512384715;0.6700747420208804;pos
8;0.3004220660426631;0.24041991605935298;0.6995779339573369;pos
8;0.12015513740137773;0.16853009259882548;0.8798448625986223;pos
8;0.14463762165950145;0.12380955312799409;0.8553623783404986;pos
8;0.0999312350033501;0.12132435466010598;0.9000687649966499;pos
8;0.18980400352463622;0.2074154377851615;0.8101959964753638;pos
8;0.20046047288345548;0.16675652437616514;0.7995395271165445;pos
8;0.1129490567272321;0.1736766829209594;0.8870509432727679;pos
8;0.35036056688896766;0.1759771192520675;0.6496394331110323;pos
8;0.3492951169149723;0.19335393289003558;0.6507048830850277;pos
8;0.32912989822819316;0.1776804670938741;0.6708701017718068;pos
8;0.35454779888118515;0.1971932399834743;0.6454522011188149;pos
8;0.4072867785453056;0.14450538556365278;0.5927132214546944;pos
8;0.25508381007657965;0.11586906126733461;0.7449161899234203;pos
8;0.10895805227132138;0.1660443728987639;0.8910419477286786;pos
8;0.429209878966643;0.7225588596034442;0.570790121033357;neutral
8;0.35738824340534414;0.1944444768606124;0.6426117565946559;pos
8;0.3364834278277484;0.10735306549999418;0.6635165721722516;pos
8;0.1190114489982983;0.4893044641552078;0.8809885510017017;pos
8;0.5273356448636435;0.11042328043350876;0.4726643551363565;neg
8;0.42713485615646973;0.13723175742590585;0.5728651438435303;pos
8;0.23591404199511945;0.13787372208025772;0.7640859580048805;pos
8;0.5303953510911892;0.1358361756208697;0.4696046489088108;neg
8;0.4227569023535046;0.17311304085843113;0.5772430976464954;pos
8;0.49721753238875066;0.17150000000059892;0.5027824676112493;pos
8;0.16889581727551717;0.16491685568466155;0.8311041827244828;pos
8;0.34626755878166016;0.7926315713980001;0.6537324412183398;neutral
8;0.47877871426337903;0.14429695845280266;0.521221285736621;pos
8;0.8550905949163217;0.148789173989773;0.1449094050836784;neg
8;0.23936871101925217;0.19221340388015362;0.7606312889807478;pos
8;0.5740467219546365;0.10708978002446357;0.42595327804536354;neg
8;0.1907591462089694;0.14740276617469597;0.8092408537910306;pos
8;0.4865820840620323;0.17442414545483323;0.5134179159379677;pos
8;0.17750389292042046;0.2086225664467557;0.8224961070795795;pos
8;0.723599357700583;0.7988694821637328;0.2764006422994169;neutral
8;0.6981814164147011;0.1514561012679365;0.3018185835852989;neg
8;0.11437339890135156;0.2030882946125686;0.8856266010986484;pos
8;0.10668402868244309;0.1557790607168188;0.8933159713175569;pos
8;0.6108111864865596;0.15530738221798387;0.38918881351344037;neg
8;0.12861329305397473;0.16861111113545876;0.8713867069460253;pos
8;0.09344871625956075;0.1394589723044457;0.9065512837404393;pos
8;0.359422129212565;0.16344224641467134;0.640577870787435;pos
8;0.5218829249023837;0.125417218294773;0.47811707509761625;neg
8;0.5231344671001399;0.12844017102837066;0.4768655328998601;neg
8;0.44060402792090114;0.11331604273572815;0.5593959720790989;pos
8;0.2985937188866743;0.13993291761148907;0.7014062811133257;pos
8;0.7507006334268145;0.8408519028999137;0.24929936657318558;neutral
8;0.366951782688957;0.15831962040677636;0.633048217311043;pos
8;0.7419532750970972;0.16047708235485061;0.2580467249029028;neg
8;0.8695155441488198;0.16326584957081905;0.13048445585118018;neg
8;0.40589154387840287;0.1670269744543209;0.5941084561215971;pos
8;0.31029095956760067;0.14130780076577754;0.6897090404323993;pos
8;0.46194643787753287;0.12861952927826;0.5380535621224671;pos
8;0.3455226052563114;0.18977873978188717;0.6544773947436886;pos
8;0.24411195151533094;0.8406556163021817;0.7558880484846691;neutral
8;0.20581200869905336;0.14701149425342375;0.7941879913009466;pos
8;0.3718149803612212;0.18953126315270677;0.6281850196387788;pos
8;0.862206925266181;0.1463959591368318;0.13779307473381897;neg
8;0.5017517175565533;0.17227229868070007;0.49824828244344666;neg
8;0.34633542306741516;0.858380952380949;0.6536645769325848;neutral
8;0.24547453196218139;0.16121033418375638;0.7545254680378186;pos
8;0.5704369777982038;0.12101072653468951;0.4295630222017962;neg
8;0.35988238210422596;0.1938599408244326;0.640117617895774;pos
8;0.8633904157812953;0.16962255487280442;0.13660958421870475;neg
8;0.47309336198576013;0.17659722250556875;0.5269066380142399;pos
8;0.3621145532434096;0.7927679980859631;0.6378854467565904;neutral
8;0.7173094682359008;0.13000020958056044;0.2826905317640992;neg
8;0.07923185099903152;0.1064302659755871;0.9207681490009685;pos
8;0.39262597070069116;0.22724589062901066;0.6073740292993088;pos
8;0.0996377200333185;0.15013728014967295;0.9003622799666815;pos
8;0.804639167561729;0.16631399680933534;0.1953608324382709;neg
8;0.190587701641608;0.14322161004010647;0.809412298358392;pos
8;0.5236720299565376;0.12098966038752101;0.4763279700434624;neg
8;0.2832134948265226;0.09164316239115926;0.7167865051734774;pos
8;0.5019767605649386;0.17308743169407192;0.4980232394350614;neg
8;0.4794894778244574;0.12677713946594368;0.5205105221755426;pos
8;0.33412199122051023;0.24774971818954997;0.6658780087794898;pos
8;0.34226890010205;0.1997160764062096;0.65773109989795;pos
8;0.11358681532327619;0.1397222721446815;0.8864131846767238;pos
8;0.25638105439836867;0.18837984095053392;0.7436189456016313;pos
8;0.10819020467803975;0.17709081446786598;0.8918097953219603;pos
8;0.3263819376321415;0.8222039666494148;0.6736180623678585;neutral
8;0.6447366527657412;0.16752136871390252;0.3552633472342588;neg
8;0.11905671255150752;0.1721393005349907;0.8809432874484925;pos
8;0.27307518464692604;0.4827994274978756;0.726924815353074;pos
8;0.09929565490845649;0.130527440397458;0.9007043450915435;pos
4;0.39779003282043257;0.17108574408579272;0.6022099671795674;pos
4;0.14653506118115356;0.1660469436288635;0.8534649388188464;pos
4;0.777035579737086;0.1833466082289712;0.22296442026291402;neg
4;0.8635629265823184;0.14839181309420982;0.13643707341768166;neg
4;0.6565076905426452;0.16249317730781945;0.3434923094573547;neg
4;0.6291978885919514;0.11711366571015942;0.3708021114080486;neg
4;0.7371567229097615;0.1443688547277491;0.2628432770902384;neg
4;0.1430276088587965;0.6410324580790214;0.8569723911412035;neutral
4;0.24436462810963766;0.18663197968791556;0.7556353718903623;pos
4;0.7543164812197347;0.1572574726860441;0.2456835187802653;neg
4;0.6218448254791973;0.23253653262166055;0.3781551745208028;neg
4;0.8731610672364905;0.1285746919826237;0.12683893276350958;neg
4;0.39855428718648267;0.14832041343705019;0.6014457128135173;pos
4;0.7212827861739335;0.19804461549066976;0.2787172138260665;neg
4;0.7699528884628382;0.13333050605457433;0.23004711153716179;neg
4;0.8576654028438412;0.14717011384110013;0.14233459715615882;neg
4;0.7259704915378193;0.13687804754937558;0.2740295084621807;neg
4;0.7560651235752387;0.14644112085903208;0.2439348764247613;neg
4;0.7980341190367602;0.16891573622412093;0.20196588096323975;neg
4;0.7792470144351874;0.16005527627546554;0.22075298556481263;neg
4;0.40724693910711796;0.15391855882948954;0.592753060892882;pos
4;0.6051910103122238;0.18562772721671972;0.39480898968777617;neg
4;0.7407505331813891;0.15258689193082994;0.25924946681861094;neg
4;0.574385697358028;0.1324657421661524;0.425614302641972;neg
4;0.707601172761428;0.12410652265296589;0.29239882723857197;neg
4;0.6047681067105752;0.8074242928955098;0.3952318932894248;neutral
4;0.8486261268968261;0.18464104634348724;0.15137387310317388;neg
4;0.6494059245517514;0.1641605512955754;0.35059407544824867;neg
4;0.09648913642922552;0.15900297619077663;0.9035108635707745;pos
4;0.8148076593460614;0.14182910173938315;0.1851923406539387;neg
4;0.28416291415139394;0.1511977346980836;0.7158370858486061;pos
4;0.8644061288950359;0.60871738191753;0.13559387110496415;neutral
4;0.6332674814065968;0.151715608903103;0.3667325185934031;neg
4;0.8612668643473163;0.15074079957418396;0.1387331356526837;neg
4;0.6893319603003649;0.18555556138530707;0.310668039699635;neg
4;0.685771279038009;0.13958333333472972;0.31422872096199095;neg
4;0.4602924659140013;0.14532459897539263;0.5397075340859987;pos
4;0.3680384974188585;0.10757575770101076;0.6319615025811415;pos
4;0.7228901488102665;0.14497023809587298;0.2771098511897335;neg
4;0.2424941685930052;0.16210801393728227;0.7575058314069948;pos
4;0.2909927795523932;0.12666666678851546;0.7090072204476068;pos
4;0.8115297608293273;0.1780423290522524;0.18847023917067274;neg
4;0.6505243711330206;0.14917289137877374;0.34947562886697936;neg
4;0.29162100921246714;0.5596059485376085;0.7083789907875329;neutral
4;0.2382331764554465;0.8295418716848554;0.7617668235445535;neutral
4;0.6423069206939945;0.15789280018327725;0.35769307930600547;neg
4;0.6831587238561067;0.13269824490760182;0.31684127614389335;neg
4;0.710226471454134;0.16462128715234656;0.289773528545866;neg
4;0.7095504538414389;0.15333365801253654;0.2904495461585611;neg
4;0.4335155899394014;0.14319307684883453;0.5664844100605986;pos
4;0.16318814550976124;0.15664556962025314;0.8368118544902388;pos
4;0.7605480917381877;0.1464873610178806;0.23945190826181234;neg
4;0.533675645458705;0.1777434926952182;0.466324354541295;neg
4;0.6704702463776611;0.15453315166890677;0.329529753622339;neg
4;0.6198357942079726;0.14108946671881073;0.38016420579202737;neg
4;0.5761810098504799;0.19841284883675445;0.42381899014952007;neg
4;0.6017635486812705;0.13843985172290804;0.3982364513187296;neg
4;0.8237195234601498;0.1632517482517483;0.17628047653985018;neg
4;0.6108447651066289;0.13398993599834422;0.3891552348933711;neg
4;0.8648638512400311;0.1867248931423614;0.13513614875996896;neg
4;0.6842602928258121;0.12048853194126448;0.31573970717418787;neg
4;0.6125712623568188;0.13785776771398342;0.3874287376431812;neg
4;0.09158811233035391;0.15735930735930745;0.9084118876696461;pos
4;0.8669259004366888;0.12644251332515458;0.13307409956331115;neg
4;0.7595880177583677;0.12954530423280433;0.24041198224163232;neg
4;0.7420959103828791;0.1733798679447445;0.25790408961712086;neg
4;0.5643658966961657;0.13113779548289597;0.43563410330383434;neg
4;0.7192047427832423;0.1721289150006666;0.2807952572167577;neg
4;0.09643638886729444;0.1336522336898129;0.9035636111327056;pos
4;0.6161112715621037;0.14630366104731118;0.38388872843789634;neg
4;0.5987853061700841;0.19141199297753844;0.4012146938299159;neg
4;0.1521710529091358;0.8586419752757974;0.8478289470908642;neutral
4;0.8792208730133007;0.18532889874353561;0.12077912698669932;neg
4;0.45450521704695535;0.7648066117669791;0.5454947829530447;neutral
4;0.30287775480389156;0.15202961743360685;0.6971222451961084;pos
4;0.5296222754871996;0.17796130159624682;0.47037772451280035;neg
4;0.4369568623502129;0.16811321684451686;0.5630431376497871;pos
4;0.6763977430278909;0.15834541062802124;0.3236022569721091;neg
4;0.6856382654283898;0.14301346801346815;0.3143617345716102;neg
4;0.3566932836586242;0.1298767195916313;0.6433067163413758;pos
4;0.5970093250614208;0.18420141500060652;0.4029906749385792;neg
4;0.8600816493604874;0.11747784009326656;0.13991835063951263;neg
4;0.5171079624165867;0.15920647104026356;0.48289203758341326;neg
4;0.7745267678702893;0.8223182534027224;0.2254732321297107;neutral
4;0.47263530233836903;0.16845540609655837;0.527364697661631;pos
4;0.4043508618458902;0.13761498547680798;0.5956491381541098;pos
4;0.6270983171024522;0.12003831433064453;0.3729016828975477;neg
4;0.13483745548645987;0.16972423859252217;0.8651625445135401;pos
4;0.5710627267276464;0.15275720164609066;0.42893727327235365;neg
4;0.7387194996259849;0.12838877280598038;0.261280500374015;neg
4;0.5074397766862366;0.11585648149122452;0.4925602233137634;neg
4;0.5948331688800271;0.3915999447063978;0.40516683111997287;neg
4;0.6519143654031875;0.1350852826510883;0.3480856345968125;neg
4;0.5842419116855069;0.2328734744800467;0.4157580883144931;neg
4;0.3019082712753596;0.15291145636356643;0.6980917287246404;pos
4;0.6858324670293687;0.1632731913643278;0.31416753297063127;neg
4;0.2905777396947532;0.14081196581201463;0.7094222603052468;pos
4;0.8956961519403644;0.13930558978370958;0.10430384805963555;neg
4;0.6075707157999704;0.17199547852235217;0.39242928420002965;neg
4;0.8392514967101891;0.17075960995404982;0.16074850328981094;neg
2;0.8931688135450226;0.13193843193843405;0.10683118645497737;neg
2;0.8656086516940042;0.14253670333925836;0.1343913483059958;neg
2;0.21296551182468437;0.1740041416486695;0.7870344881753156;pos
2;0.2349227089487954;0.18573165517707368;0.7650772910512046;pos
2;0.3365715152885016;0.17462863936066195;0.6634284847114984;pos
2;0.8755615907534924;0.14333449013614752;0.12443840924650759;neg
2;0.7974673996609773;0.19112023949352322;0.2025326003390227;neg
2;0.604392731156408;0.1669349962207393;0.395607268843592;neg
2;0.5813306006491028;0.12037298200671036;0.41866939935089714;neg
2;0.8902352819434438;0.13787121018496273;0.10976471805655615;neg
2;0.8635747404141059;0.17076731787159075;0.13642525958589413;neg
2;0.8381695018899677;0.8378999770962694;0.16183049811003228;neutral
2;0.7413297219992465;0.12193196810443024;0.2586702780007535;neg
2;0.6731302697062357;0.16048581049076158;0.3268697302937643;neg
2;0.5759013735320849;0.11510025302112407;0.4240986264679151;neg
2;0.3668144788024683;0.17882993467456176;0.6331855211975317;pos
2;0.6019159513574381;0.14218108870032473;0.39808404864256186;neg
2;0.6631918757596963;0.8319856495948531;0.3368081242403037;neutral
2;0.6533515366449574;0.201059389475628;0.3466484633550426;neg
2;0.6884995651211121;0.19097770703723074;0.3115004348788879;neg
2;0.6131326917473777;0.12608618237253377;0.3868673082526223;neg
2;0.8861880716459642;0.14883597883598496;0.11381192835403571;neg
2;0.868154770400828;0.18490160904782008;0.131845229599172;neg
2;0.8775997474344729;0.10731292538806947;0.12240025256552707;neg
2;0.7040539768867602;0.12484850013717667;0.2959460231132398;neg
2;0.7745884967601792;0.11673577857751848;0.22541150323982084;neg
2;0.5811668776061297;0.13017830340423717;0.41883312239387027;neg
2;0.4962391167619451;0.1527440195145974;0.5037608832380549;pos
2;0.7209675768715975;0.1601210872341674;0.27903242312840243;neg
2;0.7796065793256414;0.15046296297913583;0.22039342067435866;neg
2;0.9064079030650424;0.15220588546376732;0.09359209693495767;neg
2;0.793944450008596;0.20204850535534288;0.20605554999140394;neg
2;0.8547851486537068;0.14031494763014843;0.14521485134629314;neg
2;0.8777760874714805;0.10845410647423952;0.12222391252851954;neg
2;0.5983564073826395;0.1727438341499735;0.40164359261736043;neg
2;0.8425746263622259;0.10964914672824118;0.15742537363777412;neg
2;0.38220746792607185;0.15399724967908354;0.6177925320739281;pos
2;0.8453491650692468;0.14672251616728418;0.15465083493075313;neg
2;0.6504056299124907;0.16692914492917574;0.34959437008750927;neg
2;0.9043594707021961;0.1520634920920869;0.09564052929780388;neg
2;0.862510249619796;0.0978260869565218;0.13748975038020392;neg
2;0.5881388575478552;0.15858106976009967;0.41186114245214483;neg
2;0.5868551313610557;0.2156671827365583;0.4131448686389443;neg
2;0.47708024704487184;0.22501472407787024;0.5229197529551282;pos
2;0.10839916483469447;0.6331582061094911;0.8916008351653055;neutral
2;0.6819242709306726;0.14316583867855817;0.31807572906932735;neg
2;0.3504855636074028;0.1542483701326577;0.6495144363925972;pos
2;0.3912058161512615;0.13488753143783017;0.6087941838487385;pos
2;0.6269082195010287;0.18408369498176466;0.37309178049897135;neg
2;0.7881491696204199;0.20766489506467792;0.2118508303795801;neg
2;0.8195898243486638;0.2555225079753049;0.18041017565133624;neg
2;0.6166293010728425;0.17567019400421177;0.3833706989271574;neg
2;0.8616602591636452;0.13916540404041086;0.13833974083635484;neg
2;0.12121573198784219;0.2173322124208783;0.8787842680121578;pos
2;0.6596694356969461;0.14163428692371008;0.3403305643030539;neg
2;0.6663112841050259;0.16084713583317634;0.33368871589497406;neg
2;0.6735619149673036;0.0885714291026415;0.3264380850326964;neg
2;0.8374377607794345;0.11256913104492332;0.1625622392205655;neg
2;0.8757673922890273;0.18248296793899768;0.12423260771097264;neg
2;0.6228968007662723;0.1567129629643654;0.3771031992337277;neg
2;0.6739707967123765;0.14525462962964467;0.3260292032876235;neg
2;0.641192351515365;0.14353693181818258;0.35880764848463503;neg
2;0.44587521354068493;0.16661797972375683;0.5541247864593151;pos
2;0.8575831476937481;0.7465075395111201;0.14241685230625184;neutral
2;0.7959851201338988;0.15289423354614928;0.20401487986610123;neg
2;0.6105033548718783;0.1377468748922536;0.38949664512812165;neg
2;0.762575773727614;0.134635734655423;0.23742422627238607;neg
2;0.8896446919610349;0.15011123317032915;0.11035530803896507;neg
2;0.2839995271103456;0.12414021300818164;0.7160004728896544;pos
2;0.3694065188556066;0.1551852914460481;0.6305934811443934;pos
2;0.7398957346694243;0.14677779089454548;0.26010426533057573;neg
2;0.601543486035331;0.14641203713057968;0.39845651396466897;neg
2;0.8666186189093157;0.1414910600255428;0.13338138109068434;neg
2;0.885927371318425;0.13041669391744817;0.11407262868157494;neg
2;0.6152771148997039;0.8486195856619595;0.38472288510029606;neutral
2;0.7748050764894725;0.17050167239974356;0.22519492351052747;neg
2;0.580687954178835;0.11000056874359425;0.419312045821165;neg
2;0.8562437829382409;0.1956919696766667;0.14375621706175912;neg
2;0.563878926102371;0.1590670006580607;0.436121073897629;neg
2;0.11368609323238299;0.18495492966830215;0.886313906767617;pos
2;0.7417892879178541;0.21490221534513118;0.25821071208214585;neg
2;0.8289510784259907;0.16883451109114336;0.1710489215740093;neg
2;0.39450288259372046;0.8385537228737757;0.6054971174062795;neutral
2;0.08246690984660698;0.12584380391596536;0.917533090153393;pos
2;0.854673392104249;0.16388975908971418;0.14532660789575103;neg
2;0.3569461108285342;0.14867003869298615;0.6430538891714658;pos
2;0.7394502402262957;0.14833145188385655;0.2605497597737043;neg
2;0.602370967141443;0.12338259583819089;0.397629032858557;neg
2;0.6288751730931617;0.1710526437144514;0.37112482690683835;neg
2;0.7442570482798558;0.11773305859984044;0.25574295172014416;neg
2;0.8537150965733357;0.1690360252520983;0.14628490342666434;neg
2;0.7018940530492241;0.5137100464929952;0.2981059469507758;neutral
2;0.3864497243666324;0.17084160076796892;0.6135502756333676;pos
2;0.6379212877421292;0.1335034043888975;0.3620787122578708;neg
2;0.6200142161441903;0.15549434920637406;0.3799857838558097;neg
2;0.6376032804354765;0.22337657278603884;0.3623967195645234;neg
2;0.8917562871816624;0.15097223084529224;0.10824371281833753;neg
2;0.43853885966193373;0.18472223016389808;0.5614611403380663;pos
2;0.6803354850273495;0.12389952966534397;0.31966451497265047;neg
2;0.8846931486130417;0.14647435911456316;0.11530685138695831;neg
3;0.6366537388928994;0.20161769406487764;0.3633462611071006;neg
3;0.5760177582759307;0.1469870664391707;0.42398224172406923;neg
3;0.5066468665656507;0.7987983224303349;0.4933531334343492;neutral
3;0.8716638742969913;0.1732189558054936;0.12833612570300865;neg
3;0.5119666055826126;0.7253579742659628;0.4880333944173873;neutral
3;0.6409947178024072;0.16298206483682298;0.35900528219759276;neg
3;0.6070106710119564;0.13863041125591735;0.3929893289880436;neg
3;0.746665481402857;0.3040967682526713;0.253334518597143;neg
3;0.592336450793926;0.16541394335874218;0.40766354920607395;neg
3;0.7249445322528649;0.12443883344162883;0.2750554677471351;neg
3;0.5983743351048484;0.16953877398421194;0.4016256648951516;neg
3;0.8355871808547355;0.15555557036296175;0.16441281914526457;neg
3;0.7317153985194118;0.17189876556670838;0.26828460148058814;neg
3;0.7696149269074207;0.11291845181879949;0.23038507309257927;neg
3;0.09089525541349386;0.13479842726784397;0.9091047445865061;pos
3;0.606607120224988;0.1595486114742003;0.393392879775012;neg
3;0.2629776920248972;0.2099907021438124;0.7370223079751028;pos
3;0.7757167290104746;0.14107736737106877;0.22428327098952539;neg
3;0.817042644455226;0.15470823115511653;0.18295735554477396;neg
3;0.7250556105924582;0.1557339323204824;0.27494438940754184;neg
3;0.7351058819447166;0.24122994918317553;0.2648941180552834;neg
3;0.621451364975484;0.16202108077119404;0.37854863502451597;neg
3;0.8258330093876501;0.13511507973603867;0.17416699061234986;neg
3;0.796987778225841;0.18976445342495332;0.203012221774159;neg
3;0.6235824311795153;0.13579364389474044;0.37641756882048477;neg
3;0.8364528180885091;0.2455190852386403;0.1635471819114908;neg
3;0.8562013883241074;0.1810032075001271;0.14379861167589258;neg
3;0.480851628244375;0.17503102145998758;0.519148371755625;pos
3;0.8785713632900082;0.12163539410209419;0.12142863670999182;neg
3;0.733979088375089;0.09637584843203158;0.26602091162491104;neg
3;0.5873335967500356;0.17638889148464157;0.4126664032499644;neg
3;0.3435568671534336;0.1358263775530341;0.6564431328465664;pos
3;0.7157786656664249;0.8474805406487222;0.2842213343335751;neutral
3;0.388168073016221;0.13799823639675687;0.611831926983779;pos
3;0.8632058606411472;0.15875661377828754;0.1367941393588528;neg
3;0.8870749345585988;0.1953749315818282;0.1129250654414012;neg
3;0.5984945913810947;0.14675926145781512;0.40150540861890527;neg
3;0.646813004015018;0.16641660895155033;0.353186995984982;neg
3;0.27364697223060164;0.7444714718946984;0.7263530277693984;neutral
3;0.4166471908887407;0.13666757494134105;0.5833528091112593;pos
3;0.8826026838040889;0.15733333855684709;0.11739731619591108;neg
3;0.3960975034941481;0.8337493940178433;0.6039024965058519;neutral
3;0.880868410248846;0.15665168361153797;0.11913158975115407;neg
3;0.0831780565707736;0.1308333570984069;0.9168219434292264;pos
3;0.828493140718435;0.17321200510855753;0.1715068592815649;neg
3;0.6717470737674289;0.14118061672403684;0.3282529262325711;neg
3;0.5922923839088194;0.1372587761763435;0.4077076160911805;neg
3;0.8722431851393397;0.18575181586530465;0.12775681486066026;neg
3;0.5107574709897518;0.15601494287566273;0.4892425290102483;neg
3;0.15787451587099788;0.11622957609803308;0.8421254841290021;pos
3;0.7529788384368469;0.14399016621466196;0.24702116156315315;neg
3;0.6918332279917303;0.12922081049386147;0.30816677200826975;neg
3;0.7548273403750942;0.14362026869571076;0.24517265962490575;neg
3;0.5940319958445698;0.1924736273011268;0.4059680041554302;neg
3;0.6156592437992889;0.7866374320948498;0.384340756200711;neutral
3;0.7018679931913356;0.14565333109451228;0.29813200680866436;neg
3;0.660063133060858;0.1723070425509816;0.33993686693914205;neg
3;0.7626448079211736;0.1827124299654711;0.23735519207882635;neg
3;0.6454497308699148;0.15346245380220494;0.35455026913008525;neg
3;0.6876817671541654;0.12262777871892722;0.3123182328458346;neg
3;0.4644889915567826;0.15101599049251505;0.5355110084432174;pos
3;0.7315490326092109;0.1561775041844172;0.2684509673907891;neg
3;0.564856419552407;0.16716052119076472;0.43514358044759305;neg
3;0.8498211392737128;0.1534247070913634;0.15017886072628717;neg
3;0.7856593683878073;0.16381688151531515;0.2143406316121928;neg
3;0.5589862471974278;0.2259299536759999;0.44101375280257216;neg
3;0.519386347394185;0.8182949552221839;0.480613652605815;neutral
3;0.830487992692142;0.12563247833161567;0.16951200730785793;neg
3;0.3908751564841261;0.16131162773056268;0.6091248435158739;pos
3;0.8610550521483824;0.19212865500614795;0.1389449478516176;neg
3;0.7720740955910611;0.16956900428467322;0.2279259044089389;neg
3;0.8657150853775796;0.12534695601037898;0.13428491462242045;neg
3;0.8462451440956172;0.16708567153011614;0.15375485590438273;neg
3;0.5902197076430975;0.8389356828994182;0.4097802923569025;neutral
3;0.3879567255292684;0.15421754171758686;0.6120432744707316;pos
3;0.4572263664623444;0.10669495734338026;0.5427736335376556;pos
3;0.8444835914134577;0.14029944581901874;0.15551640858654225;neg
3;0.867672290801736;0.18582492495313893;0.132327709198264;neg
3;0.6749446386531115;0.19235383781662072;0.3250553613468885;neg
3;0.5837766997192195;0.19662698433158796;0.4162233002807805;neg
3;0.6190485485893324;0.196088730148032;0.3809514514106676;neg
3;0.7442695645668627;0.1415214171793119;0.25573043543313734;neg
3;0.8940266596946518;0.09600698077530882;0.10597334030534816;neg
3;0.3714909049462767;0.8438333060182801;0.6285090950537233;neutral
3;0.8718218701325813;0.14863064767637793;0.12817812986741878;neg
3;0.7211551437270975;0.16854551344347576;0.2788448562729025;neg
3;0.8872300981803571;0.1649074074074208;0.11276990181964285;neg
3;0.7425113360029292;0.14473527098527106;0.2574886639970708;neg
3;0.1318842443081436;0.1710494989392083;0.8681157556918564;pos
3;0.8715002939074386;0.8377212894928309;0.1284997060925615;neutral
3;0.7102560648147755;0.15962962963091673;0.28974393518522445;neg
3;0.3402963614014114;0.1581044181653938;0.6597036385985886;pos
3;0.8712836697052216;0.1387351517036827;0.12871633029477833;neg
3;0.6342340286311359;0.11127946128090464;0.3657659713688641;neg
3;0.8037107401422601;0.13272897252956387;0.19628925985773998;neg
3;0.8505393254297264;0.13315175565233628;0.1494606745702735;neg
3;0.621948151830757;0.8590905789097464;0.378051848169243;neutral
3;0.7669649984539116;0.1496078029820869;0.23303500154608833;neg
3;0.8833089382119025;0.1781304282255669;0.11669106178809749;neg
3;0.6126398291999228;0.13321847317201937;0.38736017080007723;neg
5;0.15631953303916113;0.13259259298389658;0.8436804669608389;pos
5;0.7997567366949512;0.1441504997162345;0.20024326330504888;neg
5;0.3378124260980425;0.11955337416778074;0.6621875739019575;pos
5;0.8525342498474167;0.16874512752327833;0.14746575015258337;neg
5;0.608806192044364;0.20866533521587782;0.39119380795563596;neg
5;0.9271575347381263;0.1396882735300888;0.07284246526187366;neg
5;0.23647120840905733;0.14652497533853992;0.7635287915909427;pos
5;0.6371533840402887;0.08611114157479423;0.36284661595971135;neg
5;0.7654750253557404;0.168284316249396;0.2345249746442596;neg
5;0.8591188441634545;0.12516876482393724;0.14088115583654554;neg
5;0.38843154001246294;0.15078583172840965;0.6115684599875371;pos
5;0.35113156499258147;0.17009683350580007;0.6488684350074185;pos
5;0.34393054087260577;0.17788734903863132;0.6560694591273942;pos
5;0.34233180099800187;0.8294958131602761;0.6576681990019981;neutral
5;0.4088992195549347;0.20270032715571362;0.5911007804450653;pos
5;0.23324420268990775;0.15763714842662221;0.7667557973100922;pos
5;0.10361830964884589;0.15049876046956298;0.8963816903511541;pos
5;0.5762680946383225;0.7214381569908105;0.4237319053616775;neutral
5;0.6387878867856779;0.7409455789145937;0.3612121132143221;neutral
5;0.21353800513547327;0.13298433779657312;0.7864619948645267;pos
5;0.1623379936824172;0.125000000620632;0.8376620063175828;pos
5;0.6104856685190702;0.14825863915777335;0.38951433148092984;neg
5;0.5068026556085743;0.16867347719620518;0.4931973443914257;neg
5;0.8090788299318477;0.16772507122507122;0.19092117006815232;neg
5;0.5758592868265011;0.14839181291931017;0.42414071317349894;neg
5;0.5142449047821516;0.1193713450310701;0.48575509521784843;neg
5;0.8339055180987253;0.1527777779091909;0.1660944819012747;neg
5;0.1998900635393328;0.17001376905681298;0.8001099364606672;pos
5;0.5457408733258304;0.170075758375799;0.4542591266741696;neg
5;0.1095945398921625;0.4782906907982459;0.8904054601078375;pos
5;0.8615346225646126;0.15595258161625059;0.1384653774353874;neg
5;0.3573739952286886;0.14625232984607986;0.6426260047713114;pos
5;0.6375916517637457;0.1843322197209805;0.36240834823625434;neg
5;0.5039352503354143;0.1387065284293137;0.4960647496645857;neg
5;0.5058994890364623;0.15263052955044698;0.49410051096353763;neg
5;0.28378569318055835;0.13122435062192972;0.7162143068194416;pos
5;0.614360915528515;0.14130546737213404;0.385639084471485;neg
5;0.08341338307057278;0.16416666939531402;0.9165866169294272;pos
5;0.8621970316523682;0.13778195503778232;0.13780296834763184;neg
5;0.7248466588673276;0.17029134817867156;0.2751533411326724;neg
5;0.7299329054281173;0.09351953008526089;0.2700670945718827;neg
5;0.7384623616136674;0.1510401809228611;0.26153763838633254;neg
5;0.09693262992866403;0.14125140400955272;0.903067370071336;pos
5;0.598216693766599;0.17485137228294065;0.40178330623340097;neg
5;0.4247434492223596;0.1314600314603788;0.5752565507776404;pos
5;0.7248534099432777;0.15046516608747273;0.2751465900567223;neg
5;0.6025253847177674;0.14603174603175448;0.39747461528223266;neg
5;0.07065473147912127;0.11668178382465307;0.9293452685208787;pos
5;0.7981601458478507;0.1837425598669584;0.20183985415214928;neg
5;0.5941100683916385;0.8433233743618741;0.4058899316083615;neutral
5;0.728683230294489;0.20646119184115871;0.271316769705511;neg
5;0.7987338063779742;0.14809668116829533;0.20126619362202583;neg
5;0.5811276893175543;0.15894841269841267;0.4188723106824457;neg
5;0.7835258801418719;0.18078691748544296;0.21647411985812817;neg
5;0.6253031052800113;0.17050827455728168;0.37469689471998874;neg
5;0.7405977330332079;0.1680341491138243;0.25940226696679214;neg
5;0.6511770145988458;0.13855565924557112;0.3488229854011542;neg
5;0.6924485420369957;0.19281109950270536;0.3075514579630043;neg
5;0.8624655910724696;0.16938140267927507;0.13753440892753047;neg
5;0.6828144171286779;0.1241932076519849;0.3171855828713221;neg
5;0.26421406907609635;0.18651561936288472;0.7357859309239037;pos
5;0.6482904183554885;0.17532868367869578;0.3517095816445115;neg
5;0.5253101726824034;0.15144304893172977;0.4746898273175966;neg
5;0.8004504120350124;0.10177535633642039;0.1995495879649875;neg
5;0.5982017409077716;0.20600555467889373;0.40179825909222844;neg
5;0.313693512649058;0.1878571477672426;0.686306487350942;pos
5;0.3503664141149616;0.2711304803753661;0.6496335858850384;pos
5;0.3655240397628974;0.5332323749516922;0.6344759602371026;neutral
5;0.5736777064636076;0.1827043528055644;0.4263222935363924;neg
5;0.7797195299979804;0.13142094017094075;0.2202804700020196;neg
5;0.6129294788585122;0.15787144913672177;0.38707052114148777;neg
5;0.09684550242709533;0.1791191291920898;0.9031544975729047;pos
5;0.8738832921454435;0.12156079902136208;0.12611670785455656;neg
5;0.6220979083507369;0.14067074440343252;0.37790209164926314;neg
5;0.8827644257710554;0.0906254991767342;0.11723557422894465;neg
5;0.6906176879819299;0.7291377041986915;0.3093823120180701;neutral
5;0.7751123121312544;0.17819202390406094;0.22488768786874555;neg
5;0.5958007709186324;0.16904186795491238;0.4041992290813676;neg
5;0.6770567912600504;0.17312604152455222;0.32294320873994964;neg
5;0.6962034608699923;0.17694290679087007;0.30379653913000776;neg
5;0.6606922859052907;0.2959597481671364;0.3393077140947093;neg
5;0.2628078673485589;0.8171296219962448;0.7371921326514411;neutral
5;0.6238727260703285;0.2823828232401487;0.3761272739296715;neg
5;0.24329226294505202;0.17998575499468394;0.756707737054948;pos
5;0.10111249170843872;0.16239760666683742;0.8988875082915613;pos
5;0.4831486016219064;0.18140590503462403;0.5168513983780936;pos
5;0.43644424488822753;0.15859788359790064;0.5635557551117725;pos
5;0.6576939492139406;0.1345179444943596;0.3423060507860594;neg
5;0.8019624393797852;0.18025369741198796;0.1980375606202148;neg
5;0.7266918675111554;0.8670623225365279;0.27330813248884456;neutral
5;0.6284536728254667;0.10663352234956873;0.3715463271745333;neg
5;0.8137405332042436;0.24931227620937257;0.18625946679575645;neg
5;0.44600010841963234;0.1918699927488333;0.5539998915803677;pos
5;0.5572096151740765;0.1677579622024259;0.4427903848259235;neg
5;0.11913351073454881;0.8491137665502503;0.8808664892654512;neutral
5;0.37590870449353564;0.161792929389039;0.6240912955064644;pos
5;0.2349311259744491;0.1501682866975184;0.7650688740255509;pos
5;0.7249379321836839;0.19147532635502576;0.27506206781631615;neg
5;0.3724614946576905;0.18119675199190524;0.6275385053423095;pos
5;0.11809503166945134;0.10356407995308907;0.8819049683305487;pos
